61
35 -1 -1
2 -1 -1
18 -1 -1
0 7 0
19 -1 -1
15 -1 -1
2 -1 -1
18 -1 -1
0 32 0
19 -1 -1
15 -1 -1
0 32 0
34 -1 -1
18 -1 -1
22 -1 -1
1 48 0
19 -1 -1
15 -1 -1
11 -1 -1
18 -1 -1
0 7 0
19 -1 -1
15 -1 -1
0 78 0
18 -1 -1
0 24 0
34 -1 -1
18 -1 -1
1 48 0
19 -1 -1
15 -1 -1
0 2 0
26 -1 -1
18 -1 -1
0 7 0
19 -1 -1
15 -1 -1
0 2 0
34 -1 -1
18 -1 -1
0 2 0
22 -1 -1
1 49 0
19 -1 -1
19 -1 -1
16 -1 -1
0 32 0
34 -1 -1
0 32 0
22 -1 -1
11 -1 -1
18 -1 -1
19 -1 -1
15 -1 -1
17 -1 -1
38 -1 -1
18 -1 -1
0 32 0
19 -1 -1
15 -1 -1
36 -1 -1
