75
35 -1 -1
0 53 0
15 -1 -1
0 24 0
34 -1 -1
1 50 0
15 -1 -1
0 13 0
34 -1 -1
0 79 0
15 -1 -1
11 -1 -1
18 -1 -1
0 31 0
19 -1 -1
15 -1 -1
6 -1 -1
18 -1 -1
0 2 0
27 -1 -1
0 31 0
25 -1 -1
1 50 0
19 -1 -1
12 -1 -1
16 -1 -1
4 -1 -1
18 -1 -1
0 31 0
37 -1 -1
0 2 0
30 -1 -1
1 48 0
19 -1 -1
16 -1 -1
0 101 0
34 -1 -1
0 4 0
15 -1 -1
13 -1 -1
15 -1 -1
17 -1 -1
0 2 0
34 -1 -1
0 2 0
22 -1 -1
1 49 0
15 -1 -1
17 -1 -1
4 -1 -1
18 -1 -1
0 101 0
31 -1 -1
0 79 0
19 -1 -1
16 -1 -1
0 40 0
18 -1 -1
0 31 0
22 -1 -1
1 55 0
19 -1 -1
15 -1 -1
17 -1 -1
5 -1 -1
16 -1 -1
0 40 0
18 -1 -1
0 31 0
22 -1 -1
1 12 0
19 -1 -1
15 -1 -1
17 -1 -1
36 -1 -1
SymbolTable{numberOfBuckets=103, symbols=[[], [], [i], [], [True], [], [], [], [], [], [], [], [" is not a prime number"], [booleanflag], [], [], [], [], [], [], [], [], [], [], [inti], [], [], [], [], [], [], [number], [], [], [], [], [], [], [], [], [write], [], [], [], [], [], [], [], [0], [1], [2], [], [], [intnumber], [], [" is a prime number"], [], [], [], [], [], [], [], [], [], [], [], [], [], [], [], [], [], [], [], [], [], [], [], [False], [], [], [], [], [], [], [], [], [], [], [], [], [], [], [], [], [], [], [], [], [], [flag], []]}